# oST version 5.0 parameters


[image]

width
640

height
480

[narrow_stereo/left]

camera matrix
698.495404 0.000000 282.145703
0.000000 707.086742 182.469326
0.000000 0.000000 1.000000

distortion
0.070164 -0.091794 -0.044659 -0.006877 0.000000

rectification
0.998095 -0.025945 -0.055970
0.025007 0.999536 -0.017400
0.056395 0.015967 0.998281

projection
770.880717 0.000000 346.382240 0.000000
0.000000 770.880717 171.117809 0.000000
0.000000 0.000000 1.000000 0.000000
# oST version 5.0 parameters


[image]

width
640

height
480

[narrow_stereo/right]

camera matrix
694.690629 0.000000 327.352960
0.000000 696.009788 188.737215
0.000000 0.000000 1.000000

distortion
-0.018179 0.058797 -0.027214 0.012319 0.000000

rectification
0.999264 -0.015752 -0.034986
0.016334 0.999732 0.016409
0.034718 -0.016968 0.999253

projection
770.880717 0.000000 346.382240 137.152238
0.000000 770.880717 171.117809 0.000000
0.000000 0.000000 1.000000 0.000000
