# oST version 5.0 parameters


[image]

width
640

height
480

[narrow_stereo/left]

camera matrix
687.368074 0.000000 363.982265
0.000000 681.983460 218.589815
0.000000 0.000000 1.000000

distortion
0.011941 -0.040638 0.005245 0.013141 0.000000

rectification
0.999987 -0.004938 -0.001215
0.004955 0.999890 0.013974
0.001146 -0.013980 0.999902

projection
705.203854 0.000000 364.300346 0.000000
0.000000 705.203854 211.919773 0.000000
0.000000 0.000000 1.000000 0.000000
# oST version 5.0 parameters


[image]

width
640

height
480

[narrow_stereo/right]

camera matrix
681.703366 0.000000 335.470093
0.000000 677.952888 203.552455
0.000000 0.000000 1.000000

distortion
-0.055055 0.134290 -0.002309 0.011406 0.000000

rectification
0.999818 -0.006517 -0.017933
0.006266 0.999882 -0.014034
0.018022 0.013919 0.999741

projection
705.203854 0.000000 364.300346 124.624444
0.000000 705.203854 211.919773 0.000000
0.000000 0.000000 1.000000 0.000000
