# oST version 5.0 parameters


[image]

width
640

height
480

[narrow_stereo/left]

camera matrix
709.957102 0.000000 277.737908
0.000000 708.759142 205.946882
0.000000 0.000000 1.000000

distortion
-0.003300 0.003629 -0.021983 -0.015718 0.000000

rectification
0.997694 0.001712 -0.067857
-0.001312 0.999982 0.005933
0.067865 -0.005830 0.997677

projection
731.100342 0.000000 333.708752 0.000000
0.000000 731.100342 188.452618 0.000000
0.000000 0.000000 1.000000 0.000000
# oST version 5.0 parameters


[image]

width
640

height
480

[narrow_stereo/right]

camera matrix
703.973132 0.000000 309.952676
0.000000 702.468179 185.264779
0.000000 0.000000 1.000000

distortion
-0.008701 0.060870 -0.014530 0.004520 0.000000

rectification
0.999376 0.010925 -0.033582
-0.011123 0.999922 -0.005699
0.033517 0.006069 0.999420

projection
731.100342 0.000000 333.708752 131.254705
0.000000 731.100342 188.452618 0.000000
0.000000 0.000000 1.000000 0.000000
